0.89438349438805286873 0.05229799692876768019 0.05331850868317872250
0.00971349342049010467 0.99759453993136171235 -0.00730803335185183436
-0.00090615796127322193 0.01004253869003020327 0.99086361927124277926

0 0 0
236 234 235
472 468 471
744 737 741
1009 1000 1006
1248 1237 1244
1498 1484 1493
1747 1732 1742
1997 1979 1991
2246 2227 2240
2496 2474 2488
2746 2721 2737
2995 2969 2986
3245 3216 3235
3495 3464 3484
3744 3711 3733
3994 3959 3981
4243 4206 4230
4493 4453 4479
4743 4701 4728
4992 4948 4977
5242 5196 5226
5491 5443 5474
5741 5690 5723
5991 5938 5972
6240 6185 6221
6490 6433 6470
6739 6680 6719
6989 6927 6967
7239 7175 7216
7488 7422 7465
7738 7670 7714
7988 7917 7963
8237 8164 8212
8487 8412 8460
8736 8659 8709
8986 8907 8958
9236 9154 9207
9485 9402 9456
9735 9649 9705
9984 9896 9953
10234 10144 10202
10484 10391 10451
10733 10639 10700
10983 10886 10949
11232 11133 11198
11482 11381 11446
11732 11628 11695
11981 11876 11944
12231 12123 12193
12480 12370 12442
12730 12618 12691
12980 12865 12939
13229 13113 13188
13479 13360 13437
13729 13607 13686
13978 13855 13935
14228 14102 14184
14477 14350 14433
14727 14597 14681
14977 14844 14930
15226 15092 15179
15476 15339 15428
15725 15587 15677
15975 15834 15926
16225 16082 16174
16474 16329 16423
16724 16576 16672
16973 16824 16921
17223 17071 17170
17473 17319 17419
17722 17566 17667
17972 17813 17916
18222 18061 18165
18471 18308 18414
18720 18554 18662
18970 18803 18912
19223 19054 19162
19477 19307 19412
19730 19561 19659
19981 19811 19903
20226 20057 20143
20466 20296 20377
20704 20532 20610
20935 20770 20837
21162 20997 21058
21390 21214 21279
21624 21429 21504
21865 21649 21737
22112 21879 21978
22361 22121 22223
22607 22371 22467
22844 22614 22705
23075 22843 22934
23308 23077 23160
23550 23323 23391
23807 23583 23635
24076 23855 23894
24351 24132 24165
24623 24406 24440
24886 24670 24710
25145 24930 24971
25402 25187 25229
25655 25441 25484
25905 25692 25736
26151 25939 25984
26394 26182 26229
26634 26423 26471
26871 26660 26710
27105 26895 26946
27336 27127 27179
27564 27356 27409
27792 27582 27636
28014 27807 27863
28229 28028 28083
28446 28241 28297
28676 28455 28515
28927 28682 28749
29200 28927 29003
29486 29191 29276
29774 29469 29557
30053 29747 29836
30326 30018 30106
30597 30283 30373
30865 30546 30637
31129 30806 30898
31391 31063 31156
31650 31317 31411
31905 31568 31664
32158 31817 31913
32409 32063 32160
32656 32306 32405
32901 32546 32646
33144 32785 32886
33384 33021 33122
33622 33254 33357
33858 33485 33589
34085 33716 33822
34313 33941 34044
34554 34159 34263
34818 34381 34494
35106 34620 34748
35410 34883 35029
35718 35170 35329
36018 35470 35637
36311 35771 35939
36603 36063 36229
36891 36349 36520
37176 36634 36808
37459 36917 37092
37739 37196 37374
38015 37472 37652
38289 37746 37928
38561 38017 38201
38830 38285 38472
39096 38551 38740
39360 38814 39005
39621 39075 39268
39880 39333 39528
40137 39589 39787
40391 39843 40042
40643 40095 40296
40895 40344 40547
41140 40591 40798
41382 40839 41044
41628 41081 41285
41887 41314 41527
42161 41546 41779
42448 41788 42047
42741 42046 42331
43030 42322 42625
43312 42609 42921
43593 42896 43210
43872 43177 43494
44148 43454 43777
44422 43730 44058
44694 44003 44336
44963 44274 44612
45230 44542 44886
45495 44809 45157
45758 45073 45426
46019 45335 45693
46278 45595 45958
46535 45853 46221
46789 46109 46481
47042 46363 46740
47293 46615 46997
47542 46865 47251
47791 47113 47504
48035 47361 47756
48276 47607 48005
48519 47851 48249
48768 48085 48493
49025 48304 48742
49290 48518 48998
49559 48740 49264
49827 48978 49536
50092 49235 49810
50356 49503 50079
50618 49772 50346
50878 50035 50611
51137 50295 50875
51393 50553 51136
51648 50810 51396
51901 51066 51654
52152 51319 51910
52402 51571 52165
52650 51821 52417
52897 52067 52668
53141 52316 52918
53384 52567 53166
53626 52811 53410
53867 53034 53652
54108 53230 53896
54349 53401 54144
54587 53546 54396
54824 53689 54651
55063 53854 54906
55306 54046 55160
55554 54264 55413
55806 54503 55666
56061 54754 55919
56308 54990 56169
56551 55215 56414
56800 55456 56662
57062 55721 56916
57343 56020 57181
57640 56347 57456
57939 56679 57735
58228 56993 58012
58499 57277 58281
58762 57547 58545
59019 57808 58807
59274 58066 59067
59530 58328 59326
59784 58588 59583
60037 58845 59839
60288 59101 60093
60537 59355 60346
60786 59607 60598
61033 59858 60848
61277 60112 61096
61520 60364 61342
61765 60602 61587
62012 60818 61834
62262 61011 62087
62514 61189 62344
62766 61356 62605
63015 61521 62866
63262 61696 63124
63511 61886 63381
63762 62094 63637
64017 62341 63894
64270 62586 64150
64522 62831 64405
64773 63074 64657