1.03397586088531046045 -0.07577293824587331972 0.04179707736056248457
0.05592350931126562064 0.94002827385967813179 0.00404821682905625799
0.02331791482842517430 0.03494826421749804013 0.94173382095407631720

0 0 0
237 237 241
474 474 481
747 747 757
1013 1013 1028
1253 1253 1271
1504 1504 1525
1755 1754 1780
2006 2005 2034
2256 2256 2288
2507 2506 2542
2758 2757 2796
3008 3008 3051
3259 3258 3305
3510 3509 3559
3760 3759 3813
4011 4010 4068
4262 4261 4322
4512 4511 4576
4763 4762 4830
5014 5013 5084
5264 5263 5339
5515 5514 5593
5766 5765 5847
6017 6015 6101
6267 6266 6355
6518 6516 6610
6769 6767 6864
7019 7018 7118
7270 7268 7372
7521 7519 7627
7771 7770 7881
8022 8020 8135
8273 8271 8389
8523 8522 8643
8774 8772 8898
9025 9023 9152
9275 9273 9406
9526 9524 9660
9777 9775 9915
10028 10025 10169
10278 10276 10423
10529 10527 10677
10780 10777 10931
11030 11028 11186
11281 11278 11440
11532 11529 11694
11782 11780 11948
12033 12030 12203
12284 12281 12457
12534 12532 12711
12785 12782 12965
13036 13033 13219
13286 13284 13474
13537 13534 13728
13788 13785 13982
14039 14035 14236
14289 14286 14490
14540 14537 14745
14791 14787 14999
15041 15038 15253
15292 15289 15507
15543 15539 15762
15793 15790 16016
16044 16040 16270
16295 16291 16524
16545 16542 16778
16796 16792 17033
17047 17043 17287
17297 17294 17541
17548 17544 17795
17799 17795 18050
18050 18046 18304
18300 18296 18558
18551 18547 18812
18802 18797 19067
19053 19048 19322
19303 19299 19573
19552 19549 19820
19797 19796 20061
20038 20038 20297
20275 20276 20530
20508 20509 20760
20738 20745 20982
20961 20969 21202
21180 21180 21425
21403 21387 21658
21635 21602 21903
21879 21831 22157
22131 22076 22414
22384 22335 22668
22633 22584 22909
22872 22819 23146
23107 23063 23388
23343 23321 23640
23588 23593 23905
23846 23874 24181
24113 24154 24459
24385 24425 24731
24653 24685 24994
24914 24945 25255
25171 25201 25512
25425 25454 25766
25676 25703 26016
25923 25948 26263
26167 26191 26506
26407 26430 26747
26645 26666 26984
26879 26899 27218
27111 27130 27450
27339 27357 27679
27565 27582 27908
27790 27806 28127
28011 28026 28342
28224 28237 28564
28437 28449 28804
28662 28672 29064
28909 28916 29340
29177 29179 29621
29460 29455 29897
29744 29733 30162
30021 30002 30427
30290 30265 30689
30558 30526 30947
30823 30785 31203
31084 31040 31456
31343 31292 31705
31599 31542 31952
31851 31789 32197
32101 32033 32438
32348 32275 32678
32593 32514 32914
32835 32750 33149
33074 32984 33381
33311 33216 33611
33546 33446 33840
33782 33674 34060
34007 33899 34277
34227 34116 34507
34457 34335 34758
34709 34570 35036
34988 34829 35333
35290 35114 35637
35601 35416 35935
35907 35720 36222
36201 36016 36509
36494 36304 36793
36784 36592 37074
37072 36876 37352
37356 37158 37628
37637 37437 37900
37916 37712 38170
38191 37985 38437
38464 38256 38702
38735 38523 38964
39002 38788 39223
39267 39051 39481
39530 39311 39736
39790 39569 39988
40048 39824 40239
40303 40077 40487
40556 40328 40733
40809 40576 40978
41057 40825 41216
41300 41069 41453
41544 41306 41697
41796 41540 41955
42062 41783 42230
42341 42041 42518
42627 42317 42808
42913 42604 43094
43193 42894 43373
43469 43176 43651
43744 43453 43927
44016 43730 44200
44287 44004 44471
44554 44276 44739
44820 44545 45006
45083 44812 45270
45344 45077 45532
45604 45340 45792
45861 45601 46050
46116 45859 46306
46369 46116 46560
46620 46370 46812
46869 46623 47062
47116 46873 47310
47362 47122 47556
47606 47368 47802
47849 47615 48043
48088 47862 48282
48323 48101 48522
48560 48328 48768
48804 48549 49024
49059 48775 49290
49322 49016 49562
49591 49275 49835
49857 49547 50104
50119 49819 50371
50379 50083 50636
50637 50345 50899
50894 50606 51160
51148 50865 51420
51401 51123 51677
51652 51378 51933
51902 51632 52187
52150 51883 52440
52396 52134 52690
52640 52379 52939
52883 52630 53186
53125 52883 53431
53363 53124 53675
53600 53344 53922
53836 53523 54171
54075 53672 54422
54321 53819 54675
54573 53994 54927
54830 54209 55178
55088 54451 55430
55344 54705 55680
55600 54956 55930
55852 55194 56176
56103 55426 56419
56350 55660 56661
56599 55917 56910
56857 56212 57170
57124 56536 57439
57399 56867 57714
57674 57180 57988
57945 57460 58256
58210 57718 58520
58472 57974 58782
58733 58232 59044
58993 58491 59304
59251 58747 59562
59507 59002 59818
59762 59254 60073
60016 59506 60327
60268 59756 60579
60518 60002 60830
60767 60250 61079
61017 60501 61325
61261 60746 61571
61500 60974 61819
61737 61178 62071
61976 61357 62327
62217 61514 62585
62465 61670 62842
62718 61847 63098
62972 62051 63353
63226 62277 63609
63484 62527 63865
63738 62769 64119
63992 63010 64372
64244 63250 64624
64494 63488 64874