1.00000000000000000000 0.00000000000000000000 0.00000000000000000000
0.00000000000000000000 1.00000000000000000000 0.00000000000000000000
0.00000000000000000000 0.00000000000000000000 1.00000000000000000000

0 0 0
235 232 237
469 464 474
738 730 746
1002 990 1013
1239 1225 1253
1487 1470 1503
1735 1715 1754
1982 1959 2005
2230 2204 2255
2478 2449 2506
2726 2694 2756
2973 2939 3007
3221 3184 3257
3469 3429 3508
3717 3674 3759
3965 3919 4009
4212 4164 4260
4460 4409 4510
4708 4654 4761
4956 4899 5012
5204 5144 5262
5451 5388 5513
5699 5633 5763
5947 5878 6014
6195 6123 6264
6443 6368 6515
6690 6613 6766
6938 6858 7016
7186 7103 7267
7434 7348 7517
7681 7593 7768
7929 7838 8018
8177 8083 8269
8425 8328 8520
8673 8573 8770
8920 8818 9021
9168 9062 9271
9416 9307 9522
9664 9552 9772
9912 9797 10023
10159 10042 10274
10407 10287 10524
10655 10532 10775
10903 10777 11025
11151 11022 11276
11398 11267 11527
11646 11512 11777
11894 11757 12028
12142 12002 12278
12389 12247 12529
12637 12492 12779
12885 12736 13030
13133 12981 13281
13381 13226 13531
13628 13471 13782
13876 13716 14032
14124 13961 14283
14372 14206 14533
14620 14451 14784
14867 14696 15035
15115 14941 15285
15363 15186 15536
15611 15431 15786
15859 15676 16037
16106 15921 16287
16354 16165 16538
16602 16410 16789
16850 16655 17039
17097 16900 17290
17345 17145 17540
17593 17390 17791
17841 17635 18042
18089 17881 18292
18336 18124 18542
18582 18368 18792
18832 18614 19044
19085 18865 19297
19342 19119 19550
19599 19376 19803
19855 19631 20052
20105 19881 20296
20349 20126 20535
20590 20368 20770
20826 20611 21000
21057 20848 21227
21285 21065 21456
21515 21269 21689
21751 21471 21928
21994 21686 22172
22242 21921 22415
22489 22176 22658
22733 22429 22891
22966 22668 23118
23197 22906 23349
23434 23158 23593
23685 23424 23854
23950 23699 24128
24223 23974 24406
24498 24241 24679
24765 24496 24939
25023 24750 25197
25280 25004 25453
25533 25254 25704
25783 25502 25953
26029 25746 26197
26272 25988 26439
26512 26227 26677
26749 26464 26913
26983 26698 27145
27214 26930 27375
27442 27159 27601
27667 27386 27827
27893 27611 28047
28109 27835 28261
28319 28054 28477
28537 28266 28707
28774 28480 28958
29036 28709 29229
29318 28957 29513
29610 29224 29798
29898 29501 30075
30175 29778 30347
30450 30046 30617
30722 30310 30883
30991 30572 31146
31256 30832 31406
31519 31088 31663
31778 31342 31918
32034 31593 32169
32287 31842 32417
32538 32089 32663
32786 32333 32906
33031 32576 33147
33273 32816 33385
33513 33055 33622
33754 33292 33856
33985 33528 34080
34210 33765 34305
34445 33993 34544
34700 34218 34807
34981 34450 35094
35283 34699 35398
35595 34970 35705
35902 35260 36005
36197 35558 36296
36491 35853 36587
36782 36140 36874
37070 36427 37158
37355 36712 37439
37637 36996 37717
37916 37277 37993
38192 37557 38265
38466 37834 38535
38736 38110 38802
39004 38383 39067
39270 38654 39329
39532 38923 39588
39793 39190 39846
40051 39455 40101
40306 39717 40353
40560 39977 40603
40812 40235 40853
41060 40491 41097
41303 40746 41336
41547 40998 41579
41802 41239 41834
42071 41475 42105
42353 41717 42390
42643 41976 42682
42931 42252 42972
43213 42544 43254
43490 42839 43534
43766 43127 43811
44040 43408 44086
44311 43688 44359
44580 43965 44629
44847 44240 44897
45111 44511 45163
45373 44780 45427
45633 45047 45688
45891 45311 45947
46147 45573 46205
46401 45832 46460
46653 46090 46713
46903 46345 46964
47151 46599 47214
47398 46850 47461
47642 47100 47707
47886 47348 47951
48125 47596 48191
48361 47844 48430
48601 48082 48674
48847 48307 48924
49103 48528 49183
49369 48758 49450
49639 49006 49719
49909 49274 49987
50175 49554 50253
50441 49832 50517
50704 50102 50780
50966 50368 51040
51225 50633 51298
51483 50894 51555
51739 51154 51809
51993 51411 52062
52245 51665 52314
52495 51918 52563
52744 52168 52811
52992 52416 53058
53237 52669 53301
53479 52919 53543
53721 53156 53786
53964 53367 54032
54210 53544 54279
54459 53707 54529
54711 53884 54779
54963 54096 55029
55215 54347 55279
55466 54616 55528
55717 54891 55777
55967 55159 56025
56213 55413 56268
56455 55662 56508
56699 55919 56750
56954 56202 57002
57222 56511 57266
57500 56830 57540
57784 57142 57817
58064 57431 58092
58336 57694 58359
58605 57950 58625
58874 58210 58890
59141 58472 59154
59407 58730 59415
59671 58987 59675
59933 59242 59934
60193 59495 60191
60452 59746 60446
60709 59995 60699
60965 60242 60952
61218 60493 61201
61469 60744 61449
61721 60983 61697
61976 61206 61949
62232 61399 62206
62490 61568 62467
62749 61740 62729
63008 61942 62989
63269 62192 63246
63532 62482 63502
63795 62808 63757
64055 63138 64010
64314 63472 64262
64572 63804 64513
64828 64126 64762